1 0.7290982961654663 0.09122349421183266 0.17782368659973144 0.17792437871297198
1 0.5794321537017822 0.2939882914225261 0.17005472183227538 0.21286627451578774
2 0.3657971978187561 0.2795687437057496 0.32522494792938234 0.3908237298329672
1 0.15073492228984833 0.31081205209096274 0.16117654442787172 0.26334306399027513
1 0.8711642265319824 0.5329569180806479 0.18076114654541015 0.21081574757893884
1 0.1640275329351425 0.5469371159871418 0.1657501995563507 0.23749211629231767
1 0.5784664650910927 0.6858393614204765 0.14972515106201176 0.1929912567138672
1 0.6638918876647949 0.4011422157287598 0.15531301498413086 0.1928909301757813
1 0.662467050552368 0.8508632024129231 0.15843458175659184 0.1924299875895182
1 0.06785127520561218 0.6880433400472006 0.13570255041122437 0.16827341715494792
1 0.8842856407165527 0.158673628171285 0.14104118347167968 0.234688138961792
1 0.0648434042930603 0.8314736048380534 0.1296868085861206 0.1612303415934245
1 0.15951189696788787 0.9148571014404298 0.1650015413761139 0.17028579711914063
1 0.8750282287597656 0.886270840962728 0.13697166442871098 0.21956850687662763
1 0.0651730626821518 0.3827043771743775 0.12414916157722473 0.24307386080423987
1 0.4960713863372803 0.06247128844261168 0.16490917205810546 0.1174204627672831
1 0.43056305646896365 0.6404174168904623 0.1613394021987915 0.23876749674479172
1 0.6254098415374756 0.9335373878479002 0.1882246971130371 0.13292522430419923
1 0.9807870864868165 0.7920533498128254 0.03228187561035156 0.17561378479003906
1 0.8415404319763183 0.046639219919840505 0.1562633514404297 0.09327843983968101
1 0.3443265676498413 0.9222674051920574 0.12998747825622559 0.14090042114257811
1 0.5348069190979005 0.03743078708648682 0.20127830505371094 0.07486157417297364
1 0.31608842611312865 0.5298994064331055 0.1860806703567505 0.21155293782552087
1 0.800631332397461 0.9502302169799806 0.1095266342163086 0.09198799133300783
1 0.2480913162231445 0.6505155563354492 0.1728130340576172 0.19438858032226558
1 0.25679652094841005 0.030909383296966554 0.17263466119766235 0.06181876659393311
1 0.7600102901458741 0.6483181635538737 0.21035051345825195 0.22773984273274742
0 0.9562403678894044 0.9253726959228514 0.06312923431396485 0.10718129475911457
1 0.03817219585180282 0.09381474256515503 0.07358863651752472 0.1671868880589803
0 0.5505829811096191 0.5856589635213215 0.06254262924194336 0.06918958028157553
1 0.2944344520568848 0.8411671956380209 0.1551154613494873 0.18642667134602867
0 0.5856593843370522 0.8118673647469459 0.04082344233984818 0.04607329842931939
